
taxa	total	dpt.me	dpt.sd	d>5.tot	d>5.me	d>5.sd	badpairs
t00	775	19.729	1.624	775	19.729	1.624
t10	772	19.819	1.334	772	19.819	1.334
t100	770	19.87	1.132	770	19.87	1.132
t110	775	19.819	1.332	775	19.819	1.332
t120	753	19.774	1.485	753	19.774	1.485
t130	758	19.868	1.141	758	19.868	1.141
t140	776	19.884	1.071	776	19.884	1.071
t150	773	19.897	1.012	773	19.897	1.012
t160	765	19.843	1.243	765	19.843	1.243
t170	761	19.947	0.723	761	19.947	0.723
t180	758	19.855	1.196	758	19.855	1.196
t190	753	19.841	1.252	753	19.841	1.252
t20	760	19.829	1.297	760	19.829	1.297
t200	748	19.893	1.029	748	19.893	1.029
t210	751	19.933	0.813	751	19.933	0.813
t220	762	19.816	1.343	762	19.816	1.343
t230	760	19.882	1.082	760	19.882	1.082
t240	751	19.867	1.146	751	19.867	1.146
t250	760	19.842	1.247	760	19.842	1.247
t260	755	19.894	1.024	755	19.894	1.024
t270	759	19.908	0.956	759	19.908	0.956
t280	760	19.816	1.345	760	19.816	1.345
t290	765	19.817	1.34	765	19.817	1.34
t30	760	19.868	1.14	760	19.868	1.14
t300	766	19.817	1.34	766	19.817	1.34
t310	758	19.802	1.393	758	19.802	1.393
t320	759	19.881	1.082	759	19.881	1.082
t330	767	19.883	1.077	767	19.883	1.077
t340	773	19.884	1.073	773	19.884	1.073
t350	769	19.831	1.289	769	19.831	1.289
t360	761	19.855	1.194	761	19.855	1.194
t370	755	19.881	1.085	755	19.881	1.085
t380	762	19.856	1.193	762	19.856	1.193
t390	751	19.827	1.304	751	19.827	1.304
t40	771	19.831	1.288	771	19.831	1.288
t400	763	19.856	1.192	763	19.856	1.192
t410	761	19.763	1.52	761	19.763	1.52
t420	765	19.856	1.19	765	19.856	1.19
t430	776	19.871	1.128	776	19.871	1.128
t440	778	19.846	1.232	778	19.846	1.232
t450	776	19.845	1.234	776	19.845	1.234
t460	772	19.87	1.131	772	19.87	1.131
t470	781	19.859	1.178	781	19.859	1.178
t480	781	19.808	1.372	781	19.808	1.372
t490	782	19.898	1.006	782	19.898	1.006
t50	765	19.895	1.017	765	19.895	1.017
t500	774	19.922	0.877	774	19.922	0.877
t510	780	19.897	1.008	780	19.897	1.008
t520	768	19.779	1.471	768	19.779	1.471
t530	773	19.819	1.334	773	19.819	1.334
t540	766	19.883	1.078	766	19.883	1.078
t550	774	19.922	0.877	774	19.922	0.877
t560	781	19.846	1.23	781	19.846	1.23
t570	785	19.847	1.227	785	19.847	1.227
t580	785	19.873	1.121	785	19.873	1.121
t590	790	19.886	1.061	790	19.886	1.061
t60	766	19.804	1.386	766	19.804	1.386
t600	782	19.859	1.178	782	19.859	1.178
t610	786	19.746	1.575	786	19.746	1.575
t620	799	19.912	0.932	799	19.912	0.932
t630	790	19.835	1.272	790	19.835	1.272
t70	777	19.858	1.181	777	19.858	1.181
t80	762	19.869	1.138	762	19.869	1.138
t90	769	19.844	1.239	769	19.844	1.239

    ## total = total number of clusters, including singletons
    ## dpt.me = mean depth of clusters
    ## dpt.sd = standard deviation of cluster depth
    ## >N.tot = number of clusters with depth greater than N
    ## >N.me = mean depth of clusters with depth greater than N
    ## >N.sd = standard deviation of cluster depth for clusters with depth greater than N
    ## badpairs = mismatched 1st & 2nd reads (only for paired ddRAD data)

HISTOGRAMS

    
sample: t00
bins	depth_histogram	cnts
   :	0------------50-------------100%
1 	                                    0
2 	                                    0
3 	                                    0
4 	                                    0
5 	                                    0
6 	                                    0
7 	                                    0
8 	                                    0
9 	                                    0
10 	**                                  21
11 	                                    0
12 	                                    0
13 	                                    0
14 	                                    0
15 	                                    0
16 	                                    0
17 	                                    0
18 	                                    0
19 	                                    0
20 	******************************      754
30 	                                    0
40 	                                    0
50 	                                    0
100 	                                    0
200 	                                    0
500 	                                    0

sample: t10
bins	depth_histogram	cnts
   :	0------------50-------------100%
1 	                                    0
2 	                                    0
3 	                                    0
4 	                                    0
5 	                                    0
6 	                                    0
7 	                                    0
8 	                                    0
9 	                                    0
10 	**                                  14
11 	                                    0
12 	                                    0
13 	                                    0
14 	                                    0
15 	                                    0
16 	                                    0
17 	                                    0
18 	                                    0
19 	                                    0
20 	******************************      758
30 	                                    0
40 	                                    0
50 	                                    0
100 	                                    0
200 	                                    0
500 	                                    0

sample: t100
bins	depth_histogram	cnts
   :	0------------50-------------100%
1 	                                    0
2 	                                    0
3 	                                    0
4 	                                    0
5 	                                    0
6 	                                    0
7 	                                    0
8 	                                    0
9 	                                    0
10 	*                                   10
11 	                                    0
12 	                                    0
13 	                                    0
14 	                                    0
15 	                                    0
16 	                                    0
17 	                                    0
18 	                                    0
19 	                                    0
20 	*******************************     760
30 	                                    0
40 	                                    0
50 	                                    0
100 	                                    0
200 	                                    0
500 	                                    0

sample: t110
bins	depth_histogram	cnts
   :	0------------50-------------100%
1 	                                    0
2 	                                    0
3 	                                    0
4 	                                    0
5 	                                    0
6 	                                    0
7 	                                    0
8 	                                    0
9 	                                    0
10 	**                                  14
11 	                                    0
12 	                                    0
13 	                                    0
14 	                                    0
15 	                                    0
16 	                                    0
17 	                                    0
18 	                                    0
19 	                                    0
20 	******************************      761
30 	                                    0
40 	                                    0
50 	                                    0
100 	                                    0
200 	                                    0
500 	                                    0

sample: t120
bins	depth_histogram	cnts
   :	0------------50-------------100%
1 	                                    0
2 	                                    0
3 	                                    0
4 	                                    0
5 	                                    0
6 	                                    0
7 	                                    0
8 	                                    0
9 	                                    0
10 	**                                  17
11 	                                    0
12 	                                    0
13 	                                    0
14 	                                    0
15 	                                    0
16 	                                    0
17 	                                    0
18 	                                    0
19 	                                    0
20 	******************************      736
30 	                                    0
40 	                                    0
50 	                                    0
100 	                                    0
200 	                                    0
500 	                                    0

sample: t130
bins	depth_histogram	cnts
   :	0------------50-------------100%
1 	                                    0
2 	                                    0
3 	                                    0
4 	                                    0
5 	                                    0
6 	                                    0
7 	                                    0
8 	                                    0
9 	                                    0
10 	*                                   10
11 	                                    0
12 	                                    0
13 	                                    0
14 	                                    0
15 	                                    0
16 	                                    0
17 	                                    0
18 	                                    0
19 	                                    0
20 	*******************************     748
30 	                                    0
40 	                                    0
50 	                                    0
100 	                                    0
200 	                                    0
500 	                                    0

sample: t140
bins	depth_histogram	cnts
   :	0------------50-------------100%
1 	                                    0
2 	                                    0
3 	                                    0
4 	                                    0
5 	                                    0
6 	                                    0
7 	                                    0
8 	                                    0
9 	                                    0
10 	*                                   9
11 	                                    0
12 	                                    0
13 	                                    0
14 	                                    0
15 	                                    0
16 	                                    0
17 	                                    0
18 	                                    0
19 	                                    0
20 	*******************************     767
30 	                                    0
40 	                                    0
50 	                                    0
100 	                                    0
200 	                                    0
500 	                                    0

sample: t150
bins	depth_histogram	cnts
   :	0------------50-------------100%
1 	                                    0
2 	                                    0
3 	                                    0
4 	                                    0
5 	                                    0
6 	                                    0
7 	                                    0
8 	                                    0
9 	                                    0
10 	*                                   8
11 	                                    0
12 	                                    0
13 	                                    0
14 	                                    0
15 	                                    0
16 	                                    0
17 	                                    0
18 	                                    0
19 	                                    0
20 	*******************************     765
30 	                                    0
40 	                                    0
50 	                                    0
100 	                                    0
200 	                                    0
500 	                                    0

sample: t160
bins	depth_histogram	cnts
   :	0------------50-------------100%
1 	                                    0
2 	                                    0
3 	                                    0
4 	                                    0
5 	                                    0
6 	                                    0
7 	                                    0
8 	                                    0
9 	                                    0
10 	*                                   12
11 	                                    0
12 	                                    0
13 	                                    0
14 	                                    0
15 	                                    0
16 	                                    0
17 	                                    0
18 	                                    0
19 	                                    0
20 	*******************************     753
30 	                                    0
40 	                                    0
50 	                                    0
100 	                                    0
200 	                                    0
500 	                                    0

sample: t170
bins	depth_histogram	cnts
   :	0------------50-------------100%
1 	                                    0
2 	                                    0
3 	                                    0
4 	                                    0
5 	                                    0
6 	                                    0
7 	                                    0
8 	                                    0
9 	                                    0
10 	*                                   4
11 	                                    0
12 	                                    0
13 	                                    0
14 	                                    0
15 	                                    0
16 	                                    0
17 	                                    0
18 	                                    0
19 	                                    0
20 	*******************************     757
30 	                                    0
40 	                                    0
50 	                                    0
100 	                                    0
200 	                                    0
500 	                                    0

sample: t180
bins	depth_histogram	cnts
   :	0------------50-------------100%
1 	                                    0
2 	                                    0
3 	                                    0
4 	                                    0
5 	                                    0
6 	                                    0
7 	                                    0
8 	                                    0
9 	                                    0
10 	*                                   11
11 	                                    0
12 	                                    0
13 	                                    0
14 	                                    0
15 	                                    0
16 	                                    0
17 	                                    0
18 	                                    0
19 	                                    0
20 	*******************************     747
30 	                                    0
40 	                                    0
50 	                                    0
100 	                                    0
200 	                                    0
500 	                                    0

sample: t190
bins	depth_histogram	cnts
   :	0------------50-------------100%
1 	                                    0
2 	                                    0
3 	                                    0
4 	                                    0
5 	                                    0
6 	                                    0
7 	                                    0
8 	                                    0
9 	                                    0
10 	*                                   12
11 	                                    0
12 	                                    0
13 	                                    0
14 	                                    0
15 	                                    0
16 	                                    0
17 	                                    0
18 	                                    0
19 	                                    0
20 	*******************************     741
30 	                                    0
40 	                                    0
50 	                                    0
100 	                                    0
200 	                                    0
500 	                                    0

sample: t20
bins	depth_histogram	cnts
   :	0------------50-------------100%
1 	                                    0
2 	                                    0
3 	                                    0
4 	                                    0
5 	                                    0
6 	                                    0
7 	                                    0
8 	                                    0
9 	                                    0
10 	**                                  13
11 	                                    0
12 	                                    0
13 	                                    0
14 	                                    0
15 	                                    0
16 	                                    0
17 	                                    0
18 	                                    0
19 	                                    0
20 	******************************      747
30 	                                    0
40 	                                    0
50 	                                    0
100 	                                    0
200 	                                    0
500 	                                    0

sample: t200
bins	depth_histogram	cnts
   :	0------------50-------------100%
1 	                                    0
2 	                                    0
3 	                                    0
4 	                                    0
5 	                                    0
6 	                                    0
7 	                                    0
8 	                                    0
9 	                                    0
10 	*                                   8
11 	                                    0
12 	                                    0
13 	                                    0
14 	                                    0
15 	                                    0
16 	                                    0
17 	                                    0
18 	                                    0
19 	                                    0
20 	*******************************     740
30 	                                    0
40 	                                    0
50 	                                    0
100 	                                    0
200 	                                    0
500 	                                    0

sample: t210
bins	depth_histogram	cnts
   :	0------------50-------------100%
1 	                                    0
2 	                                    0
3 	                                    0
4 	                                    0
5 	                                    0
6 	                                    0
7 	                                    0
8 	                                    0
9 	                                    0
10 	*                                   5
11 	                                    0
12 	                                    0
13 	                                    0
14 	                                    0
15 	                                    0
16 	                                    0
17 	                                    0
18 	                                    0
19 	                                    0
20 	*******************************     746
30 	                                    0
40 	                                    0
50 	                                    0
100 	                                    0
200 	                                    0
500 	                                    0

sample: t220
bins	depth_histogram	cnts
   :	0------------50-------------100%
1 	                                    0
2 	                                    0
3 	                                    0
4 	                                    0
5 	                                    0
6 	                                    0
7 	                                    0
8 	                                    0
9 	                                    0
10 	**                                  14
11 	                                    0
12 	                                    0
13 	                                    0
14 	                                    0
15 	                                    0
16 	                                    0
17 	                                    0
18 	                                    0
19 	                                    0
20 	******************************      748
30 	                                    0
40 	                                    0
50 	                                    0
100 	                                    0
200 	                                    0
500 	                                    0

sample: t230
bins	depth_histogram	cnts
   :	0------------50-------------100%
1 	                                    0
2 	                                    0
3 	                                    0
4 	                                    0
5 	                                    0
6 	                                    0
7 	                                    0
8 	                                    0
9 	                                    0
10 	*                                   9
11 	                                    0
12 	                                    0
13 	                                    0
14 	                                    0
15 	                                    0
16 	                                    0
17 	                                    0
18 	                                    0
19 	                                    0
20 	*******************************     751
30 	                                    0
40 	                                    0
50 	                                    0
100 	                                    0
200 	                                    0
500 	                                    0

sample: t240
bins	depth_histogram	cnts
   :	0------------50-------------100%
1 	                                    0
2 	                                    0
3 	                                    0
4 	                                    0
5 	                                    0
6 	                                    0
7 	                                    0
8 	                                    0
9 	                                    0
10 	*                                   10
11 	                                    0
12 	                                    0
13 	                                    0
14 	                                    0
15 	                                    0
16 	                                    0
17 	                                    0
18 	                                    0
19 	                                    0
20 	*******************************     741
30 	                                    0
40 	                                    0
50 	                                    0
100 	                                    0
200 	                                    0
500 	                                    0

sample: t250
bins	depth_histogram	cnts
   :	0------------50-------------100%
1 	                                    0
2 	                                    0
3 	                                    0
4 	                                    0
5 	                                    0
6 	                                    0
7 	                                    0
8 	                                    0
9 	                                    0
10 	*                                   12
11 	                                    0
12 	                                    0
13 	                                    0
14 	                                    0
15 	                                    0
16 	                                    0
17 	                                    0
18 	                                    0
19 	                                    0
20 	*******************************     748
30 	                                    0
40 	                                    0
50 	                                    0
100 	                                    0
200 	                                    0
500 	                                    0

sample: t260
bins	depth_histogram	cnts
   :	0------------50-------------100%
1 	                                    0
2 	                                    0
3 	                                    0
4 	                                    0
5 	                                    0
6 	                                    0
7 	                                    0
8 	                                    0
9 	                                    0
10 	*                                   8
11 	                                    0
12 	                                    0
13 	                                    0
14 	                                    0
15 	                                    0
16 	                                    0
17 	                                    0
18 	                                    0
19 	                                    0
20 	*******************************     747
30 	                                    0
40 	                                    0
50 	                                    0
100 	                                    0
200 	                                    0
500 	                                    0

sample: t270
bins	depth_histogram	cnts
   :	0------------50-------------100%
1 	                                    0
2 	                                    0
3 	                                    0
4 	                                    0
5 	                                    0
6 	                                    0
7 	                                    0
8 	                                    0
9 	                                    0
10 	*                                   7
11 	                                    0
12 	                                    0
13 	                                    0
14 	                                    0
15 	                                    0
16 	                                    0
17 	                                    0
18 	                                    0
19 	                                    0
20 	*******************************     752
30 	                                    0
40 	                                    0
50 	                                    0
100 	                                    0
200 	                                    0
500 	                                    0

sample: t280
bins	depth_histogram	cnts
   :	0------------50-------------100%
1 	                                    0
2 	                                    0
3 	                                    0
4 	                                    0
5 	                                    0
6 	                                    0
7 	                                    0
8 	                                    0
9 	                                    0
10 	**                                  14
11 	                                    0
12 	                                    0
13 	                                    0
14 	                                    0
15 	                                    0
16 	                                    0
17 	                                    0
18 	                                    0
19 	                                    0
20 	******************************      746
30 	                                    0
40 	                                    0
50 	                                    0
100 	                                    0
200 	                                    0
500 	                                    0

sample: t290
bins	depth_histogram	cnts
   :	0------------50-------------100%
1 	                                    0
2 	                                    0
3 	                                    0
4 	                                    0
5 	                                    0
6 	                                    0
7 	                                    0
8 	                                    0
9 	                                    0
10 	**                                  14
11 	                                    0
12 	                                    0
13 	                                    0
14 	                                    0
15 	                                    0
16 	                                    0
17 	                                    0
18 	                                    0
19 	                                    0
20 	******************************      751
30 	                                    0
40 	                                    0
50 	                                    0
100 	                                    0
200 	                                    0
500 	                                    0

sample: t30
bins	depth_histogram	cnts
   :	0------------50-------------100%
1 	                                    0
2 	                                    0
3 	                                    0
4 	                                    0
5 	                                    0
6 	                                    0
7 	                                    0
8 	                                    0
9 	                                    0
10 	*                                   10
11 	                                    0
12 	                                    0
13 	                                    0
14 	                                    0
15 	                                    0
16 	                                    0
17 	                                    0
18 	                                    0
19 	                                    0
20 	*******************************     750
30 	                                    0
40 	                                    0
50 	                                    0
100 	                                    0
200 	                                    0
500 	                                    0

sample: t300
bins	depth_histogram	cnts
   :	0------------50-------------100%
1 	                                    0
2 	                                    0
3 	                                    0
4 	                                    0
5 	                                    0
6 	                                    0
7 	                                    0
8 	                                    0
9 	                                    0
10 	**                                  14
11 	                                    0
12 	                                    0
13 	                                    0
14 	                                    0
15 	                                    0
16 	                                    0
17 	                                    0
18 	                                    0
19 	                                    0
20 	******************************      752
30 	                                    0
40 	                                    0
50 	                                    0
100 	                                    0
200 	                                    0
500 	                                    0

sample: t310
bins	depth_histogram	cnts
   :	0------------50-------------100%
1 	                                    0
2 	                                    0
3 	                                    0
4 	                                    0
5 	                                    0
6 	                                    0
7 	                                    0
8 	                                    0
9 	                                    0
10 	**                                  15
11 	                                    0
12 	                                    0
13 	                                    0
14 	                                    0
15 	                                    0
16 	                                    0
17 	                                    0
18 	                                    0
19 	                                    0
20 	******************************      743
30 	                                    0
40 	                                    0
50 	                                    0
100 	                                    0
200 	                                    0
500 	                                    0

sample: t320
bins	depth_histogram	cnts
   :	0------------50-------------100%
1 	                                    0
2 	                                    0
3 	                                    0
4 	                                    0
5 	                                    0
6 	                                    0
7 	                                    0
8 	                                    0
9 	                                    0
10 	*                                   9
11 	                                    0
12 	                                    0
13 	                                    0
14 	                                    0
15 	                                    0
16 	                                    0
17 	                                    0
18 	                                    0
19 	                                    0
20 	*******************************     750
30 	                                    0
40 	                                    0
50 	                                    0
100 	                                    0
200 	                                    0
500 	                                    0

sample: t330
bins	depth_histogram	cnts
   :	0------------50-------------100%
1 	                                    0
2 	                                    0
3 	                                    0
4 	                                    0
5 	                                    0
6 	                                    0
7 	                                    0
8 	                                    0
9 	                                    0
10 	*                                   9
11 	                                    0
12 	                                    0
13 	                                    0
14 	                                    0
15 	                                    0
16 	                                    0
17 	                                    0
18 	                                    0
19 	                                    0
20 	*******************************     758
30 	                                    0
40 	                                    0
50 	                                    0
100 	                                    0
200 	                                    0
500 	                                    0

sample: t340
bins	depth_histogram	cnts
   :	0------------50-------------100%
1 	                                    0
2 	                                    0
3 	                                    0
4 	                                    0
5 	                                    0
6 	                                    0
7 	                                    0
8 	                                    0
9 	                                    0
10 	*                                   9
11 	                                    0
12 	                                    0
13 	                                    0
14 	                                    0
15 	                                    0
16 	                                    0
17 	                                    0
18 	                                    0
19 	                                    0
20 	*******************************     764
30 	                                    0
40 	                                    0
50 	                                    0
100 	                                    0
200 	                                    0
500 	                                    0

sample: t350
bins	depth_histogram	cnts
   :	0------------50-------------100%
1 	                                    0
2 	                                    0
3 	                                    0
4 	                                    0
5 	                                    0
6 	                                    0
7 	                                    0
8 	                                    0
9 	                                    0
10 	**                                  13
11 	                                    0
12 	                                    0
13 	                                    0
14 	                                    0
15 	                                    0
16 	                                    0
17 	                                    0
18 	                                    0
19 	                                    0
20 	******************************      756
30 	                                    0
40 	                                    0
50 	                                    0
100 	                                    0
200 	                                    0
500 	                                    0

sample: t360
bins	depth_histogram	cnts
   :	0------------50-------------100%
1 	                                    0
2 	                                    0
3 	                                    0
4 	                                    0
5 	                                    0
6 	                                    0
7 	                                    0
8 	                                    0
9 	                                    0
10 	*                                   11
11 	                                    0
12 	                                    0
13 	                                    0
14 	                                    0
15 	                                    0
16 	                                    0
17 	                                    0
18 	                                    0
19 	                                    0
20 	*******************************     750
30 	                                    0
40 	                                    0
50 	                                    0
100 	                                    0
200 	                                    0
500 	                                    0

sample: t370
bins	depth_histogram	cnts
   :	0------------50-------------100%
1 	                                    0
2 	                                    0
3 	                                    0
4 	                                    0
5 	                                    0
6 	                                    0
7 	                                    0
8 	                                    0
9 	                                    0
10 	*                                   9
11 	                                    0
12 	                                    0
13 	                                    0
14 	                                    0
15 	                                    0
16 	                                    0
17 	                                    0
18 	                                    0
19 	                                    0
20 	*******************************     746
30 	                                    0
40 	                                    0
50 	                                    0
100 	                                    0
200 	                                    0
500 	                                    0

sample: t380
bins	depth_histogram	cnts
   :	0------------50-------------100%
1 	                                    0
2 	                                    0
3 	                                    0
4 	                                    0
5 	                                    0
6 	                                    0
7 	                                    0
8 	                                    0
9 	                                    0
10 	*                                   11
11 	                                    0
12 	                                    0
13 	                                    0
14 	                                    0
15 	                                    0
16 	                                    0
17 	                                    0
18 	                                    0
19 	                                    0
20 	*******************************     751
30 	                                    0
40 	                                    0
50 	                                    0
100 	                                    0
200 	                                    0
500 	                                    0

sample: t390
bins	depth_histogram	cnts
   :	0------------50-------------100%
1 	                                    0
2 	                                    0
3 	                                    0
4 	                                    0
5 	                                    0
6 	                                    0
7 	                                    0
8 	                                    0
9 	                                    0
10 	**                                  13
11 	                                    0
12 	                                    0
13 	                                    0
14 	                                    0
15 	                                    0
16 	                                    0
17 	                                    0
18 	                                    0
19 	                                    0
20 	******************************      738
30 	                                    0
40 	                                    0
50 	                                    0
100 	                                    0
200 	                                    0
500 	                                    0

sample: t40
bins	depth_histogram	cnts
   :	0------------50-------------100%
1 	                                    0
2 	                                    0
3 	                                    0
4 	                                    0
5 	                                    0
6 	                                    0
7 	                                    0
8 	                                    0
9 	                                    0
10 	**                                  13
11 	                                    0
12 	                                    0
13 	                                    0
14 	                                    0
15 	                                    0
16 	                                    0
17 	                                    0
18 	                                    0
19 	                                    0
20 	******************************      758
30 	                                    0
40 	                                    0
50 	                                    0
100 	                                    0
200 	                                    0
500 	                                    0

sample: t400
bins	depth_histogram	cnts
   :	0------------50-------------100%
1 	                                    0
2 	                                    0
3 	                                    0
4 	                                    0
5 	                                    0
6 	                                    0
7 	                                    0
8 	                                    0
9 	                                    0
10 	*                                   11
11 	                                    0
12 	                                    0
13 	                                    0
14 	                                    0
15 	                                    0
16 	                                    0
17 	                                    0
18 	                                    0
19 	                                    0
20 	*******************************     752
30 	                                    0
40 	                                    0
50 	                                    0
100 	                                    0
200 	                                    0
500 	                                    0

sample: t410
bins	depth_histogram	cnts
   :	0------------50-------------100%
1 	                                    0
2 	                                    0
3 	                                    0
4 	                                    0
5 	                                    0
6 	                                    0
7 	                                    0
8 	                                    0
9 	                                    0
10 	**                                  18
11 	                                    0
12 	                                    0
13 	                                    0
14 	                                    0
15 	                                    0
16 	                                    0
17 	                                    0
18 	                                    0
19 	                                    0
20 	******************************      743
30 	                                    0
40 	                                    0
50 	                                    0
100 	                                    0
200 	                                    0
500 	                                    0

sample: t420
bins	depth_histogram	cnts
   :	0------------50-------------100%
1 	                                    0
2 	                                    0
3 	                                    0
4 	                                    0
5 	                                    0
6 	                                    0
7 	                                    0
8 	                                    0
9 	                                    0
10 	*                                   11
11 	                                    0
12 	                                    0
13 	                                    0
14 	                                    0
15 	                                    0
16 	                                    0
17 	                                    0
18 	                                    0
19 	                                    0
20 	*******************************     754
30 	                                    0
40 	                                    0
50 	                                    0
100 	                                    0
200 	                                    0
500 	                                    0

sample: t430
bins	depth_histogram	cnts
   :	0------------50-------------100%
1 	                                    0
2 	                                    0
3 	                                    0
4 	                                    0
5 	                                    0
6 	                                    0
7 	                                    0
8 	                                    0
9 	                                    0
10 	*                                   10
11 	                                    0
12 	                                    0
13 	                                    0
14 	                                    0
15 	                                    0
16 	                                    0
17 	                                    0
18 	                                    0
19 	                                    0
20 	*******************************     766
30 	                                    0
40 	                                    0
50 	                                    0
100 	                                    0
200 	                                    0
500 	                                    0

sample: t440
bins	depth_histogram	cnts
   :	0------------50-------------100%
1 	                                    0
2 	                                    0
3 	                                    0
4 	                                    0
5 	                                    0
6 	                                    0
7 	                                    0
8 	                                    0
9 	                                    0
10 	*                                   12
11 	                                    0
12 	                                    0
13 	                                    0
14 	                                    0
15 	                                    0
16 	                                    0
17 	                                    0
18 	                                    0
19 	                                    0
20 	*******************************     766
30 	                                    0
40 	                                    0
50 	                                    0
100 	                                    0
200 	                                    0
500 	                                    0

sample: t450
bins	depth_histogram	cnts
   :	0------------50-------------100%
1 	                                    0
2 	                                    0
3 	                                    0
4 	                                    0
5 	                                    0
6 	                                    0
7 	                                    0
8 	                                    0
9 	                                    0
10 	*                                   12
11 	                                    0
12 	                                    0
13 	                                    0
14 	                                    0
15 	                                    0
16 	                                    0
17 	                                    0
18 	                                    0
19 	                                    0
20 	*******************************     764
30 	                                    0
40 	                                    0
50 	                                    0
100 	                                    0
200 	                                    0
500 	                                    0

sample: t460
bins	depth_histogram	cnts
   :	0------------50-------------100%
1 	                                    0
2 	                                    0
3 	                                    0
4 	                                    0
5 	                                    0
6 	                                    0
7 	                                    0
8 	                                    0
9 	                                    0
10 	*                                   10
11 	                                    0
12 	                                    0
13 	                                    0
14 	                                    0
15 	                                    0
16 	                                    0
17 	                                    0
18 	                                    0
19 	                                    0
20 	*******************************     762
30 	                                    0
40 	                                    0
50 	                                    0
100 	                                    0
200 	                                    0
500 	                                    0

sample: t470
bins	depth_histogram	cnts
   :	0------------50-------------100%
1 	                                    0
2 	                                    0
3 	                                    0
4 	                                    0
5 	                                    0
6 	                                    0
7 	                                    0
8 	                                    0
9 	                                    0
10 	*                                   11
11 	                                    0
12 	                                    0
13 	                                    0
14 	                                    0
15 	                                    0
16 	                                    0
17 	                                    0
18 	                                    0
19 	                                    0
20 	*******************************     770
30 	                                    0
40 	                                    0
50 	                                    0
100 	                                    0
200 	                                    0
500 	                                    0

sample: t480
bins	depth_histogram	cnts
   :	0------------50-------------100%
1 	                                    0
2 	                                    0
3 	                                    0
4 	                                    0
5 	                                    0
6 	                                    0
7 	                                    0
8 	                                    0
9 	                                    0
10 	**                                  15
11 	                                    0
12 	                                    0
13 	                                    0
14 	                                    0
15 	                                    0
16 	                                    0
17 	                                    0
18 	                                    0
19 	                                    0
20 	******************************      766
30 	                                    0
40 	                                    0
50 	                                    0
100 	                                    0
200 	                                    0
500 	                                    0

sample: t490
bins	depth_histogram	cnts
   :	0------------50-------------100%
1 	                                    0
2 	                                    0
3 	                                    0
4 	                                    0
5 	                                    0
6 	                                    0
7 	                                    0
8 	                                    0
9 	                                    0
10 	*                                   8
11 	                                    0
12 	                                    0
13 	                                    0
14 	                                    0
15 	                                    0
16 	                                    0
17 	                                    0
18 	                                    0
19 	                                    0
20 	*******************************     774
30 	                                    0
40 	                                    0
50 	                                    0
100 	                                    0
200 	                                    0
500 	                                    0

sample: t50
bins	depth_histogram	cnts
   :	0------------50-------------100%
1 	                                    0
2 	                                    0
3 	                                    0
4 	                                    0
5 	                                    0
6 	                                    0
7 	                                    0
8 	                                    0
9 	                                    0
10 	*                                   8
11 	                                    0
12 	                                    0
13 	                                    0
14 	                                    0
15 	                                    0
16 	                                    0
17 	                                    0
18 	                                    0
19 	                                    0
20 	*******************************     757
30 	                                    0
40 	                                    0
50 	                                    0
100 	                                    0
200 	                                    0
500 	                                    0

sample: t500
bins	depth_histogram	cnts
   :	0------------50-------------100%
1 	                                    0
2 	                                    0
3 	                                    0
4 	                                    0
5 	                                    0
6 	                                    0
7 	                                    0
8 	                                    0
9 	                                    0
10 	*                                   6
11 	                                    0
12 	                                    0
13 	                                    0
14 	                                    0
15 	                                    0
16 	                                    0
17 	                                    0
18 	                                    0
19 	                                    0
20 	*******************************     768
30 	                                    0
40 	                                    0
50 	                                    0
100 	                                    0
200 	                                    0
500 	                                    0

sample: t510
bins	depth_histogram	cnts
   :	0------------50-------------100%
1 	                                    0
2 	                                    0
3 	                                    0
4 	                                    0
5 	                                    0
6 	                                    0
7 	                                    0
8 	                                    0
9 	                                    0
10 	*                                   8
11 	                                    0
12 	                                    0
13 	                                    0
14 	                                    0
15 	                                    0
16 	                                    0
17 	                                    0
18 	                                    0
19 	                                    0
20 	*******************************     772
30 	                                    0
40 	                                    0
50 	                                    0
100 	                                    0
200 	                                    0
500 	                                    0

sample: t520
bins	depth_histogram	cnts
   :	0------------50-------------100%
1 	                                    0
2 	                                    0
3 	                                    0
4 	                                    0
5 	                                    0
6 	                                    0
7 	                                    0
8 	                                    0
9 	                                    0
10 	**                                  17
11 	                                    0
12 	                                    0
13 	                                    0
14 	                                    0
15 	                                    0
16 	                                    0
17 	                                    0
18 	                                    0
19 	                                    0
20 	******************************      751
30 	                                    0
40 	                                    0
50 	                                    0
100 	                                    0
200 	                                    0
500 	                                    0

sample: t530
bins	depth_histogram	cnts
   :	0------------50-------------100%
1 	                                    0
2 	                                    0
3 	                                    0
4 	                                    0
5 	                                    0
6 	                                    0
7 	                                    0
8 	                                    0
9 	                                    0
10 	**                                  14
11 	                                    0
12 	                                    0
13 	                                    0
14 	                                    0
15 	                                    0
16 	                                    0
17 	                                    0
18 	                                    0
19 	                                    0
20 	******************************      759
30 	                                    0
40 	                                    0
50 	                                    0
100 	                                    0
200 	                                    0
500 	                                    0

sample: t540
bins	depth_histogram	cnts
   :	0------------50-------------100%
1 	                                    0
2 	                                    0
3 	                                    0
4 	                                    0
5 	                                    0
6 	                                    0
7 	                                    0
8 	                                    0
9 	                                    0
10 	*                                   9
11 	                                    0
12 	                                    0
13 	                                    0
14 	                                    0
15 	                                    0
16 	                                    0
17 	                                    0
18 	                                    0
19 	                                    0
20 	*******************************     757
30 	                                    0
40 	                                    0
50 	                                    0
100 	                                    0
200 	                                    0
500 	                                    0

sample: t550
bins	depth_histogram	cnts
   :	0------------50-------------100%
1 	                                    0
2 	                                    0
3 	                                    0
4 	                                    0
5 	                                    0
6 	                                    0
7 	                                    0
8 	                                    0
9 	                                    0
10 	*                                   6
11 	                                    0
12 	                                    0
13 	                                    0
14 	                                    0
15 	                                    0
16 	                                    0
17 	                                    0
18 	                                    0
19 	                                    0
20 	*******************************     768
30 	                                    0
40 	                                    0
50 	                                    0
100 	                                    0
200 	                                    0
500 	                                    0

sample: t560
bins	depth_histogram	cnts
   :	0------------50-------------100%
1 	                                    0
2 	                                    0
3 	                                    0
4 	                                    0
5 	                                    0
6 	                                    0
7 	                                    0
8 	                                    0
9 	                                    0
10 	*                                   12
11 	                                    0
12 	                                    0
13 	                                    0
14 	                                    0
15 	                                    0
16 	                                    0
17 	                                    0
18 	                                    0
19 	                                    0
20 	*******************************     769
30 	                                    0
40 	                                    0
50 	                                    0
100 	                                    0
200 	                                    0
500 	                                    0

sample: t570
bins	depth_histogram	cnts
   :	0------------50-------------100%
1 	                                    0
2 	                                    0
3 	                                    0
4 	                                    0
5 	                                    0
6 	                                    0
7 	                                    0
8 	                                    0
9 	                                    0
10 	*                                   12
11 	                                    0
12 	                                    0
13 	                                    0
14 	                                    0
15 	                                    0
16 	                                    0
17 	                                    0
18 	                                    0
19 	                                    0
20 	*******************************     773
30 	                                    0
40 	                                    0
50 	                                    0
100 	                                    0
200 	                                    0
500 	                                    0

sample: t580
bins	depth_histogram	cnts
   :	0------------50-------------100%
1 	                                    0
2 	                                    0
3 	                                    0
4 	                                    0
5 	                                    0
6 	                                    0
7 	                                    0
8 	                                    0
9 	                                    0
10 	*                                   10
11 	                                    0
12 	                                    0
13 	                                    0
14 	                                    0
15 	                                    0
16 	                                    0
17 	                                    0
18 	                                    0
19 	                                    0
20 	*******************************     775
30 	                                    0
40 	                                    0
50 	                                    0
100 	                                    0
200 	                                    0
500 	                                    0

sample: t590
bins	depth_histogram	cnts
   :	0------------50-------------100%
1 	                                    0
2 	                                    0
3 	                                    0
4 	                                    0
5 	                                    0
6 	                                    0
7 	                                    0
8 	                                    0
9 	                                    0
10 	*                                   9
11 	                                    0
12 	                                    0
13 	                                    0
14 	                                    0
15 	                                    0
16 	                                    0
17 	                                    0
18 	                                    0
19 	                                    0
20 	*******************************     781
30 	                                    0
40 	                                    0
50 	                                    0
100 	                                    0
200 	                                    0
500 	                                    0

sample: t60
bins	depth_histogram	cnts
   :	0------------50-------------100%
1 	                                    0
2 	                                    0
3 	                                    0
4 	                                    0
5 	                                    0
6 	                                    0
7 	                                    0
8 	                                    0
9 	                                    0
10 	**                                  15
11 	                                    0
12 	                                    0
13 	                                    0
14 	                                    0
15 	                                    0
16 	                                    0
17 	                                    0
18 	                                    0
19 	                                    0
20 	******************************      751
30 	                                    0
40 	                                    0
50 	                                    0
100 	                                    0
200 	                                    0
500 	                                    0

sample: t600
bins	depth_histogram	cnts
   :	0------------50-------------100%
1 	                                    0
2 	                                    0
3 	                                    0
4 	                                    0
5 	                                    0
6 	                                    0
7 	                                    0
8 	                                    0
9 	                                    0
10 	*                                   11
11 	                                    0
12 	                                    0
13 	                                    0
14 	                                    0
15 	                                    0
16 	                                    0
17 	                                    0
18 	                                    0
19 	                                    0
20 	*******************************     771
30 	                                    0
40 	                                    0
50 	                                    0
100 	                                    0
200 	                                    0
500 	                                    0

sample: t610
bins	depth_histogram	cnts
   :	0------------50-------------100%
1 	                                    0
2 	                                    0
3 	                                    0
4 	                                    0
5 	                                    0
6 	                                    0
7 	                                    0
8 	                                    0
9 	                                    0
10 	**                                  20
11 	                                    0
12 	                                    0
13 	                                    0
14 	                                    0
15 	                                    0
16 	                                    0
17 	                                    0
18 	                                    0
19 	                                    0
20 	******************************      766
30 	                                    0
40 	                                    0
50 	                                    0
100 	                                    0
200 	                                    0
500 	                                    0

sample: t620
bins	depth_histogram	cnts
   :	0------------50-------------100%
1 	                                    0
2 	                                    0
3 	                                    0
4 	                                    0
5 	                                    0
6 	                                    0
7 	                                    0
8 	                                    0
9 	                                    0
10 	*                                   7
11 	                                    0
12 	                                    0
13 	                                    0
14 	                                    0
15 	                                    0
16 	                                    0
17 	                                    0
18 	                                    0
19 	                                    0
20 	*******************************     792
30 	                                    0
40 	                                    0
50 	                                    0
100 	                                    0
200 	                                    0
500 	                                    0

sample: t630
bins	depth_histogram	cnts
   :	0------------50-------------100%
1 	                                    0
2 	                                    0
3 	                                    0
4 	                                    0
5 	                                    0
6 	                                    0
7 	                                    0
8 	                                    0
9 	                                    0
10 	*                                   13
11 	                                    0
12 	                                    0
13 	                                    0
14 	                                    0
15 	                                    0
16 	                                    0
17 	                                    0
18 	                                    0
19 	                                    0
20 	*******************************     777
30 	                                    0
40 	                                    0
50 	                                    0
100 	                                    0
200 	                                    0
500 	                                    0

sample: t70
bins	depth_histogram	cnts
   :	0------------50-------------100%
1 	                                    0
2 	                                    0
3 	                                    0
4 	                                    0
5 	                                    0
6 	                                    0
7 	                                    0
8 	                                    0
9 	                                    0
10 	*                                   11
11 	                                    0
12 	                                    0
13 	                                    0
14 	                                    0
15 	                                    0
16 	                                    0
17 	                                    0
18 	                                    0
19 	                                    0
20 	*******************************     766
30 	                                    0
40 	                                    0
50 	                                    0
100 	                                    0
200 	                                    0
500 	                                    0

sample: t80
bins	depth_histogram	cnts
   :	0------------50-------------100%
1 	                                    0
2 	                                    0
3 	                                    0
4 	                                    0
5 	                                    0
6 	                                    0
7 	                                    0
8 	                                    0
9 	                                    0
10 	*                                   10
11 	                                    0
12 	                                    0
13 	                                    0
14 	                                    0
15 	                                    0
16 	                                    0
17 	                                    0
18 	                                    0
19 	                                    0
20 	*******************************     752
30 	                                    0
40 	                                    0
50 	                                    0
100 	                                    0
200 	                                    0
500 	                                    0

sample: t90
bins	depth_histogram	cnts
   :	0------------50-------------100%
1 	                                    0
2 	                                    0
3 	                                    0
4 	                                    0
5 	                                    0
6 	                                    0
7 	                                    0
8 	                                    0
9 	                                    0
10 	*                                   12
11 	                                    0
12 	                                    0
13 	                                    0
14 	                                    0
15 	                                    0
16 	                                    0
17 	                                    0
18 	                                    0
19 	                                    0
20 	*******************************     757
30 	                                    0
40 	                                    0
50 	                                    0
100 	                                    0
200 	                                    0
500 	                                    0

