
taxa	total	dpt.me	dpt.sd	d>5.tot	d>5.me	d>5.sd	badpairs
t00	1000	20.0	0.0	1000	20.0	0.0
t10	1000	20.0	0.0	1000	20.0	0.0
t100	1000	20.0	0.0	1000	20.0	0.0
t110	1000	20.0	0.0	1000	20.0	0.0
t120	1000	20.0	0.0	1000	20.0	0.0
t130	1000	20.0	0.0	1000	20.0	0.0
t140	1000	20.0	0.0	1000	20.0	0.0
t150	1000	20.0	0.0	1000	20.0	0.0
t160	1000	20.0	0.0	1000	20.0	0.0
t170	1000	20.0	0.0	1000	20.0	0.0
t180	1000	20.0	0.0	1000	20.0	0.0
t190	1000	20.0	0.0	1000	20.0	0.0
t20	1000	20.0	0.0	1000	20.0	0.0
t200	1000	20.0	0.0	1000	20.0	0.0
t210	1000	20.0	0.0	1000	20.0	0.0
t220	1000	20.0	0.0	1000	20.0	0.0
t230	1000	20.0	0.0	1000	20.0	0.0
t240	1000	20.0	0.0	1000	20.0	0.0
t250	1000	20.0	0.0	1000	20.0	0.0
t260	1000	20.0	0.0	1000	20.0	0.0
t270	1000	20.0	0.0	1000	20.0	0.0
t280	1000	20.0	0.0	1000	20.0	0.0
t290	1000	20.0	0.0	1000	20.0	0.0
t30	1000	20.0	0.0	1000	20.0	0.0
t300	1000	20.0	0.0	1000	20.0	0.0
t310	1000	20.0	0.0	1000	20.0	0.0
t320	1000	20.0	0.0	1000	20.0	0.0
t330	1000	20.0	0.0	1000	20.0	0.0
t340	1000	20.0	0.0	1000	20.0	0.0
t350	1000	20.0	0.0	1000	20.0	0.0
t360	1000	20.0	0.0	1000	20.0	0.0
t370	1000	20.0	0.0	1000	20.0	0.0
t380	1000	20.0	0.0	1000	20.0	0.0
t390	1000	20.0	0.0	1000	20.0	0.0
t40	1000	20.0	0.0	1000	20.0	0.0
t400	1000	20.0	0.0	1000	20.0	0.0
t410	1000	20.0	0.0	1000	20.0	0.0
t420	1000	20.0	0.0	1000	20.0	0.0
t430	1000	20.0	0.0	1000	20.0	0.0
t440	1000	20.0	0.0	1000	20.0	0.0
t450	1000	20.0	0.0	1000	20.0	0.0
t460	1000	20.0	0.0	1000	20.0	0.0
t470	1000	20.0	0.0	1000	20.0	0.0
t480	1000	20.0	0.0	1000	20.0	0.0
t490	1000	20.0	0.0	1000	20.0	0.0
t50	1000	20.0	0.0	1000	20.0	0.0
t500	1000	20.0	0.0	1000	20.0	0.0
t510	1000	20.0	0.0	1000	20.0	0.0
t520	1000	20.0	0.0	1000	20.0	0.0
t530	1000	20.0	0.0	1000	20.0	0.0
t540	1000	20.0	0.0	1000	20.0	0.0
t550	1000	20.0	0.0	1000	20.0	0.0
t560	1000	20.0	0.0	1000	20.0	0.0
t570	1000	20.0	0.0	1000	20.0	0.0
t580	1000	20.0	0.0	1000	20.0	0.0
t590	1000	20.0	0.0	1000	20.0	0.0
t60	1000	20.0	0.0	1000	20.0	0.0
t600	1000	20.0	0.0	1000	20.0	0.0
t610	1000	20.0	0.0	1000	20.0	0.0
t620	1000	20.0	0.0	1000	20.0	0.0
t630	1000	20.0	0.0	1000	20.0	0.0
t70	1000	20.0	0.0	1000	20.0	0.0
t80	1000	20.0	0.0	1000	20.0	0.0
t90	1000	20.0	0.0	1000	20.0	0.0

    ## total = total number of clusters, including singletons
    ## dpt.me = mean depth of clusters
    ## dpt.sd = standard deviation of cluster depth
    ## >N.tot = number of clusters with depth greater than N
    ## >N.me = mean depth of clusters with depth greater than N
    ## >N.sd = standard deviation of cluster depth for clusters with depth greater than N
    ## badpairs = mismatched 1st & 2nd reads (only for paired ddRAD data)

HISTOGRAMS

    
sample: t00
bins	depth_histogram	cnts
   :	0------------50-------------100%
1 	                                    0
2 	                                    0
3 	                                    0
4 	                                    0
5 	                                    0
6 	                                    0
7 	                                    0
8 	                                    0
9 	                                    0
10 	                                    0
11 	                                    0
12 	                                    0
13 	                                    0
14 	                                    0
15 	                                    0
16 	                                    0
17 	                                    0
18 	                                    0
19 	                                    0
20 	*******************************     1000
30 	                                    0
40 	                                    0
50 	                                    0
100 	                                    0
200 	                                    0
500 	                                    0

sample: t10
bins	depth_histogram	cnts
   :	0------------50-------------100%
1 	                                    0
2 	                                    0
3 	                                    0
4 	                                    0
5 	                                    0
6 	                                    0
7 	                                    0
8 	                                    0
9 	                                    0
10 	                                    0
11 	                                    0
12 	                                    0
13 	                                    0
14 	                                    0
15 	                                    0
16 	                                    0
17 	                                    0
18 	                                    0
19 	                                    0
20 	*******************************     1000
30 	                                    0
40 	                                    0
50 	                                    0
100 	                                    0
200 	                                    0
500 	                                    0

sample: t100
bins	depth_histogram	cnts
   :	0------------50-------------100%
1 	                                    0
2 	                                    0
3 	                                    0
4 	                                    0
5 	                                    0
6 	                                    0
7 	                                    0
8 	                                    0
9 	                                    0
10 	                                    0
11 	                                    0
12 	                                    0
13 	                                    0
14 	                                    0
15 	                                    0
16 	                                    0
17 	                                    0
18 	                                    0
19 	                                    0
20 	*******************************     1000
30 	                                    0
40 	                                    0
50 	                                    0
100 	                                    0
200 	                                    0
500 	                                    0

sample: t110
bins	depth_histogram	cnts
   :	0------------50-------------100%
1 	                                    0
2 	                                    0
3 	                                    0
4 	                                    0
5 	                                    0
6 	                                    0
7 	                                    0
8 	                                    0
9 	                                    0
10 	                                    0
11 	                                    0
12 	                                    0
13 	                                    0
14 	                                    0
15 	                                    0
16 	                                    0
17 	                                    0
18 	                                    0
19 	                                    0
20 	*******************************     1000
30 	                                    0
40 	                                    0
50 	                                    0
100 	                                    0
200 	                                    0
500 	                                    0

sample: t120
bins	depth_histogram	cnts
   :	0------------50-------------100%
1 	                                    0
2 	                                    0
3 	                                    0
4 	                                    0
5 	                                    0
6 	                                    0
7 	                                    0
8 	                                    0
9 	                                    0
10 	                                    0
11 	                                    0
12 	                                    0
13 	                                    0
14 	                                    0
15 	                                    0
16 	                                    0
17 	                                    0
18 	                                    0
19 	                                    0
20 	*******************************     1000
30 	                                    0
40 	                                    0
50 	                                    0
100 	                                    0
200 	                                    0
500 	                                    0

sample: t130
bins	depth_histogram	cnts
   :	0------------50-------------100%
1 	                                    0
2 	                                    0
3 	                                    0
4 	                                    0
5 	                                    0
6 	                                    0
7 	                                    0
8 	                                    0
9 	                                    0
10 	                                    0
11 	                                    0
12 	                                    0
13 	                                    0
14 	                                    0
15 	                                    0
16 	                                    0
17 	                                    0
18 	                                    0
19 	                                    0
20 	*******************************     1000
30 	                                    0
40 	                                    0
50 	                                    0
100 	                                    0
200 	                                    0
500 	                                    0

sample: t140
bins	depth_histogram	cnts
   :	0------------50-------------100%
1 	                                    0
2 	                                    0
3 	                                    0
4 	                                    0
5 	                                    0
6 	                                    0
7 	                                    0
8 	                                    0
9 	                                    0
10 	                                    0
11 	                                    0
12 	                                    0
13 	                                    0
14 	                                    0
15 	                                    0
16 	                                    0
17 	                                    0
18 	                                    0
19 	                                    0
20 	*******************************     1000
30 	                                    0
40 	                                    0
50 	                                    0
100 	                                    0
200 	                                    0
500 	                                    0

sample: t150
bins	depth_histogram	cnts
   :	0------------50-------------100%
1 	                                    0
2 	                                    0
3 	                                    0
4 	                                    0
5 	                                    0
6 	                                    0
7 	                                    0
8 	                                    0
9 	                                    0
10 	                                    0
11 	                                    0
12 	                                    0
13 	                                    0
14 	                                    0
15 	                                    0
16 	                                    0
17 	                                    0
18 	                                    0
19 	                                    0
20 	*******************************     1000
30 	                                    0
40 	                                    0
50 	                                    0
100 	                                    0
200 	                                    0
500 	                                    0

sample: t160
bins	depth_histogram	cnts
   :	0------------50-------------100%
1 	                                    0
2 	                                    0
3 	                                    0
4 	                                    0
5 	                                    0
6 	                                    0
7 	                                    0
8 	                                    0
9 	                                    0
10 	                                    0
11 	                                    0
12 	                                    0
13 	                                    0
14 	                                    0
15 	                                    0
16 	                                    0
17 	                                    0
18 	                                    0
19 	                                    0
20 	*******************************     1000
30 	                                    0
40 	                                    0
50 	                                    0
100 	                                    0
200 	                                    0
500 	                                    0

sample: t170
bins	depth_histogram	cnts
   :	0------------50-------------100%
1 	                                    0
2 	                                    0
3 	                                    0
4 	                                    0
5 	                                    0
6 	                                    0
7 	                                    0
8 	                                    0
9 	                                    0
10 	                                    0
11 	                                    0
12 	                                    0
13 	                                    0
14 	                                    0
15 	                                    0
16 	                                    0
17 	                                    0
18 	                                    0
19 	                                    0
20 	*******************************     1000
30 	                                    0
40 	                                    0
50 	                                    0
100 	                                    0
200 	                                    0
500 	                                    0

sample: t180
bins	depth_histogram	cnts
   :	0------------50-------------100%
1 	                                    0
2 	                                    0
3 	                                    0
4 	                                    0
5 	                                    0
6 	                                    0
7 	                                    0
8 	                                    0
9 	                                    0
10 	                                    0
11 	                                    0
12 	                                    0
13 	                                    0
14 	                                    0
15 	                                    0
16 	                                    0
17 	                                    0
18 	                                    0
19 	                                    0
20 	*******************************     1000
30 	                                    0
40 	                                    0
50 	                                    0
100 	                                    0
200 	                                    0
500 	                                    0

sample: t190
bins	depth_histogram	cnts
   :	0------------50-------------100%
1 	                                    0
2 	                                    0
3 	                                    0
4 	                                    0
5 	                                    0
6 	                                    0
7 	                                    0
8 	                                    0
9 	                                    0
10 	                                    0
11 	                                    0
12 	                                    0
13 	                                    0
14 	                                    0
15 	                                    0
16 	                                    0
17 	                                    0
18 	                                    0
19 	                                    0
20 	*******************************     1000
30 	                                    0
40 	                                    0
50 	                                    0
100 	                                    0
200 	                                    0
500 	                                    0

sample: t20
bins	depth_histogram	cnts
   :	0------------50-------------100%
1 	                                    0
2 	                                    0
3 	                                    0
4 	                                    0
5 	                                    0
6 	                                    0
7 	                                    0
8 	                                    0
9 	                                    0
10 	                                    0
11 	                                    0
12 	                                    0
13 	                                    0
14 	                                    0
15 	                                    0
16 	                                    0
17 	                                    0
18 	                                    0
19 	                                    0
20 	*******************************     1000
30 	                                    0
40 	                                    0
50 	                                    0
100 	                                    0
200 	                                    0
500 	                                    0

sample: t200
bins	depth_histogram	cnts
   :	0------------50-------------100%
1 	                                    0
2 	                                    0
3 	                                    0
4 	                                    0
5 	                                    0
6 	                                    0
7 	                                    0
8 	                                    0
9 	                                    0
10 	                                    0
11 	                                    0
12 	                                    0
13 	                                    0
14 	                                    0
15 	                                    0
16 	                                    0
17 	                                    0
18 	                                    0
19 	                                    0
20 	*******************************     1000
30 	                                    0
40 	                                    0
50 	                                    0
100 	                                    0
200 	                                    0
500 	                                    0

sample: t210
bins	depth_histogram	cnts
   :	0------------50-------------100%
1 	                                    0
2 	                                    0
3 	                                    0
4 	                                    0
5 	                                    0
6 	                                    0
7 	                                    0
8 	                                    0
9 	                                    0
10 	                                    0
11 	                                    0
12 	                                    0
13 	                                    0
14 	                                    0
15 	                                    0
16 	                                    0
17 	                                    0
18 	                                    0
19 	                                    0
20 	*******************************     1000
30 	                                    0
40 	                                    0
50 	                                    0
100 	                                    0
200 	                                    0
500 	                                    0

sample: t220
bins	depth_histogram	cnts
   :	0------------50-------------100%
1 	                                    0
2 	                                    0
3 	                                    0
4 	                                    0
5 	                                    0
6 	                                    0
7 	                                    0
8 	                                    0
9 	                                    0
10 	                                    0
11 	                                    0
12 	                                    0
13 	                                    0
14 	                                    0
15 	                                    0
16 	                                    0
17 	                                    0
18 	                                    0
19 	                                    0
20 	*******************************     1000
30 	                                    0
40 	                                    0
50 	                                    0
100 	                                    0
200 	                                    0
500 	                                    0

sample: t230
bins	depth_histogram	cnts
   :	0------------50-------------100%
1 	                                    0
2 	                                    0
3 	                                    0
4 	                                    0
5 	                                    0
6 	                                    0
7 	                                    0
8 	                                    0
9 	                                    0
10 	                                    0
11 	                                    0
12 	                                    0
13 	                                    0
14 	                                    0
15 	                                    0
16 	                                    0
17 	                                    0
18 	                                    0
19 	                                    0
20 	*******************************     1000
30 	                                    0
40 	                                    0
50 	                                    0
100 	                                    0
200 	                                    0
500 	                                    0

sample: t240
bins	depth_histogram	cnts
   :	0------------50-------------100%
1 	                                    0
2 	                                    0
3 	                                    0
4 	                                    0
5 	                                    0
6 	                                    0
7 	                                    0
8 	                                    0
9 	                                    0
10 	                                    0
11 	                                    0
12 	                                    0
13 	                                    0
14 	                                    0
15 	                                    0
16 	                                    0
17 	                                    0
18 	                                    0
19 	                                    0
20 	*******************************     1000
30 	                                    0
40 	                                    0
50 	                                    0
100 	                                    0
200 	                                    0
500 	                                    0

sample: t250
bins	depth_histogram	cnts
   :	0------------50-------------100%
1 	                                    0
2 	                                    0
3 	                                    0
4 	                                    0
5 	                                    0
6 	                                    0
7 	                                    0
8 	                                    0
9 	                                    0
10 	                                    0
11 	                                    0
12 	                                    0
13 	                                    0
14 	                                    0
15 	                                    0
16 	                                    0
17 	                                    0
18 	                                    0
19 	                                    0
20 	*******************************     1000
30 	                                    0
40 	                                    0
50 	                                    0
100 	                                    0
200 	                                    0
500 	                                    0

sample: t260
bins	depth_histogram	cnts
   :	0------------50-------------100%
1 	                                    0
2 	                                    0
3 	                                    0
4 	                                    0
5 	                                    0
6 	                                    0
7 	                                    0
8 	                                    0
9 	                                    0
10 	                                    0
11 	                                    0
12 	                                    0
13 	                                    0
14 	                                    0
15 	                                    0
16 	                                    0
17 	                                    0
18 	                                    0
19 	                                    0
20 	*******************************     1000
30 	                                    0
40 	                                    0
50 	                                    0
100 	                                    0
200 	                                    0
500 	                                    0

sample: t270
bins	depth_histogram	cnts
   :	0------------50-------------100%
1 	                                    0
2 	                                    0
3 	                                    0
4 	                                    0
5 	                                    0
6 	                                    0
7 	                                    0
8 	                                    0
9 	                                    0
10 	                                    0
11 	                                    0
12 	                                    0
13 	                                    0
14 	                                    0
15 	                                    0
16 	                                    0
17 	                                    0
18 	                                    0
19 	                                    0
20 	*******************************     1000
30 	                                    0
40 	                                    0
50 	                                    0
100 	                                    0
200 	                                    0
500 	                                    0

sample: t280
bins	depth_histogram	cnts
   :	0------------50-------------100%
1 	                                    0
2 	                                    0
3 	                                    0
4 	                                    0
5 	                                    0
6 	                                    0
7 	                                    0
8 	                                    0
9 	                                    0
10 	                                    0
11 	                                    0
12 	                                    0
13 	                                    0
14 	                                    0
15 	                                    0
16 	                                    0
17 	                                    0
18 	                                    0
19 	                                    0
20 	*******************************     1000
30 	                                    0
40 	                                    0
50 	                                    0
100 	                                    0
200 	                                    0
500 	                                    0

sample: t290
bins	depth_histogram	cnts
   :	0------------50-------------100%
1 	                                    0
2 	                                    0
3 	                                    0
4 	                                    0
5 	                                    0
6 	                                    0
7 	                                    0
8 	                                    0
9 	                                    0
10 	                                    0
11 	                                    0
12 	                                    0
13 	                                    0
14 	                                    0
15 	                                    0
16 	                                    0
17 	                                    0
18 	                                    0
19 	                                    0
20 	*******************************     1000
30 	                                    0
40 	                                    0
50 	                                    0
100 	                                    0
200 	                                    0
500 	                                    0

sample: t30
bins	depth_histogram	cnts
   :	0------------50-------------100%
1 	                                    0
2 	                                    0
3 	                                    0
4 	                                    0
5 	                                    0
6 	                                    0
7 	                                    0
8 	                                    0
9 	                                    0
10 	                                    0
11 	                                    0
12 	                                    0
13 	                                    0
14 	                                    0
15 	                                    0
16 	                                    0
17 	                                    0
18 	                                    0
19 	                                    0
20 	*******************************     1000
30 	                                    0
40 	                                    0
50 	                                    0
100 	                                    0
200 	                                    0
500 	                                    0

sample: t300
bins	depth_histogram	cnts
   :	0------------50-------------100%
1 	                                    0
2 	                                    0
3 	                                    0
4 	                                    0
5 	                                    0
6 	                                    0
7 	                                    0
8 	                                    0
9 	                                    0
10 	                                    0
11 	                                    0
12 	                                    0
13 	                                    0
14 	                                    0
15 	                                    0
16 	                                    0
17 	                                    0
18 	                                    0
19 	                                    0
20 	*******************************     1000
30 	                                    0
40 	                                    0
50 	                                    0
100 	                                    0
200 	                                    0
500 	                                    0

sample: t310
bins	depth_histogram	cnts
   :	0------------50-------------100%
1 	                                    0
2 	                                    0
3 	                                    0
4 	                                    0
5 	                                    0
6 	                                    0
7 	                                    0
8 	                                    0
9 	                                    0
10 	                                    0
11 	                                    0
12 	                                    0
13 	                                    0
14 	                                    0
15 	                                    0
16 	                                    0
17 	                                    0
18 	                                    0
19 	                                    0
20 	*******************************     1000
30 	                                    0
40 	                                    0
50 	                                    0
100 	                                    0
200 	                                    0
500 	                                    0

sample: t320
bins	depth_histogram	cnts
   :	0------------50-------------100%
1 	                                    0
2 	                                    0
3 	                                    0
4 	                                    0
5 	                                    0
6 	                                    0
7 	                                    0
8 	                                    0
9 	                                    0
10 	                                    0
11 	                                    0
12 	                                    0
13 	                                    0
14 	                                    0
15 	                                    0
16 	                                    0
17 	                                    0
18 	                                    0
19 	                                    0
20 	*******************************     1000
30 	                                    0
40 	                                    0
50 	                                    0
100 	                                    0
200 	                                    0
500 	                                    0

sample: t330
bins	depth_histogram	cnts
   :	0------------50-------------100%
1 	                                    0
2 	                                    0
3 	                                    0
4 	                                    0
5 	                                    0
6 	                                    0
7 	                                    0
8 	                                    0
9 	                                    0
10 	                                    0
11 	                                    0
12 	                                    0
13 	                                    0
14 	                                    0
15 	                                    0
16 	                                    0
17 	                                    0
18 	                                    0
19 	                                    0
20 	*******************************     1000
30 	                                    0
40 	                                    0
50 	                                    0
100 	                                    0
200 	                                    0
500 	                                    0

sample: t340
bins	depth_histogram	cnts
   :	0------------50-------------100%
1 	                                    0
2 	                                    0
3 	                                    0
4 	                                    0
5 	                                    0
6 	                                    0
7 	                                    0
8 	                                    0
9 	                                    0
10 	                                    0
11 	                                    0
12 	                                    0
13 	                                    0
14 	                                    0
15 	                                    0
16 	                                    0
17 	                                    0
18 	                                    0
19 	                                    0
20 	*******************************     1000
30 	                                    0
40 	                                    0
50 	                                    0
100 	                                    0
200 	                                    0
500 	                                    0

sample: t350
bins	depth_histogram	cnts
   :	0------------50-------------100%
1 	                                    0
2 	                                    0
3 	                                    0
4 	                                    0
5 	                                    0
6 	                                    0
7 	                                    0
8 	                                    0
9 	                                    0
10 	                                    0
11 	                                    0
12 	                                    0
13 	                                    0
14 	                                    0
15 	                                    0
16 	                                    0
17 	                                    0
18 	                                    0
19 	                                    0
20 	*******************************     1000
30 	                                    0
40 	                                    0
50 	                                    0
100 	                                    0
200 	                                    0
500 	                                    0

sample: t360
bins	depth_histogram	cnts
   :	0------------50-------------100%
1 	                                    0
2 	                                    0
3 	                                    0
4 	                                    0
5 	                                    0
6 	                                    0
7 	                                    0
8 	                                    0
9 	                                    0
10 	                                    0
11 	                                    0
12 	                                    0
13 	                                    0
14 	                                    0
15 	                                    0
16 	                                    0
17 	                                    0
18 	                                    0
19 	                                    0
20 	*******************************     1000
30 	                                    0
40 	                                    0
50 	                                    0
100 	                                    0
200 	                                    0
500 	                                    0

sample: t370
bins	depth_histogram	cnts
   :	0------------50-------------100%
1 	                                    0
2 	                                    0
3 	                                    0
4 	                                    0
5 	                                    0
6 	                                    0
7 	                                    0
8 	                                    0
9 	                                    0
10 	                                    0
11 	                                    0
12 	                                    0
13 	                                    0
14 	                                    0
15 	                                    0
16 	                                    0
17 	                                    0
18 	                                    0
19 	                                    0
20 	*******************************     1000
30 	                                    0
40 	                                    0
50 	                                    0
100 	                                    0
200 	                                    0
500 	                                    0

sample: t380
bins	depth_histogram	cnts
   :	0------------50-------------100%
1 	                                    0
2 	                                    0
3 	                                    0
4 	                                    0
5 	                                    0
6 	                                    0
7 	                                    0
8 	                                    0
9 	                                    0
10 	                                    0
11 	                                    0
12 	                                    0
13 	                                    0
14 	                                    0
15 	                                    0
16 	                                    0
17 	                                    0
18 	                                    0
19 	                                    0
20 	*******************************     1000
30 	                                    0
40 	                                    0
50 	                                    0
100 	                                    0
200 	                                    0
500 	                                    0

sample: t390
bins	depth_histogram	cnts
   :	0------------50-------------100%
1 	                                    0
2 	                                    0
3 	                                    0
4 	                                    0
5 	                                    0
6 	                                    0
7 	                                    0
8 	                                    0
9 	                                    0
10 	                                    0
11 	                                    0
12 	                                    0
13 	                                    0
14 	                                    0
15 	                                    0
16 	                                    0
17 	                                    0
18 	                                    0
19 	                                    0
20 	*******************************     1000
30 	                                    0
40 	                                    0
50 	                                    0
100 	                                    0
200 	                                    0
500 	                                    0

sample: t40
bins	depth_histogram	cnts
   :	0------------50-------------100%
1 	                                    0
2 	                                    0
3 	                                    0
4 	                                    0
5 	                                    0
6 	                                    0
7 	                                    0
8 	                                    0
9 	                                    0
10 	                                    0
11 	                                    0
12 	                                    0
13 	                                    0
14 	                                    0
15 	                                    0
16 	                                    0
17 	                                    0
18 	                                    0
19 	                                    0
20 	*******************************     1000
30 	                                    0
40 	                                    0
50 	                                    0
100 	                                    0
200 	                                    0
500 	                                    0

sample: t400
bins	depth_histogram	cnts
   :	0------------50-------------100%
1 	                                    0
2 	                                    0
3 	                                    0
4 	                                    0
5 	                                    0
6 	                                    0
7 	                                    0
8 	                                    0
9 	                                    0
10 	                                    0
11 	                                    0
12 	                                    0
13 	                                    0
14 	                                    0
15 	                                    0
16 	                                    0
17 	                                    0
18 	                                    0
19 	                                    0
20 	*******************************     1000
30 	                                    0
40 	                                    0
50 	                                    0
100 	                                    0
200 	                                    0
500 	                                    0

sample: t410
bins	depth_histogram	cnts
   :	0------------50-------------100%
1 	                                    0
2 	                                    0
3 	                                    0
4 	                                    0
5 	                                    0
6 	                                    0
7 	                                    0
8 	                                    0
9 	                                    0
10 	                                    0
11 	                                    0
12 	                                    0
13 	                                    0
14 	                                    0
15 	                                    0
16 	                                    0
17 	                                    0
18 	                                    0
19 	                                    0
20 	*******************************     1000
30 	                                    0
40 	                                    0
50 	                                    0
100 	                                    0
200 	                                    0
500 	                                    0

sample: t420
bins	depth_histogram	cnts
   :	0------------50-------------100%
1 	                                    0
2 	                                    0
3 	                                    0
4 	                                    0
5 	                                    0
6 	                                    0
7 	                                    0
8 	                                    0
9 	                                    0
10 	                                    0
11 	                                    0
12 	                                    0
13 	                                    0
14 	                                    0
15 	                                    0
16 	                                    0
17 	                                    0
18 	                                    0
19 	                                    0
20 	*******************************     1000
30 	                                    0
40 	                                    0
50 	                                    0
100 	                                    0
200 	                                    0
500 	                                    0

sample: t430
bins	depth_histogram	cnts
   :	0------------50-------------100%
1 	                                    0
2 	                                    0
3 	                                    0
4 	                                    0
5 	                                    0
6 	                                    0
7 	                                    0
8 	                                    0
9 	                                    0
10 	                                    0
11 	                                    0
12 	                                    0
13 	                                    0
14 	                                    0
15 	                                    0
16 	                                    0
17 	                                    0
18 	                                    0
19 	                                    0
20 	*******************************     1000
30 	                                    0
40 	                                    0
50 	                                    0
100 	                                    0
200 	                                    0
500 	                                    0

sample: t440
bins	depth_histogram	cnts
   :	0------------50-------------100%
1 	                                    0
2 	                                    0
3 	                                    0
4 	                                    0
5 	                                    0
6 	                                    0
7 	                                    0
8 	                                    0
9 	                                    0
10 	                                    0
11 	                                    0
12 	                                    0
13 	                                    0
14 	                                    0
15 	                                    0
16 	                                    0
17 	                                    0
18 	                                    0
19 	                                    0
20 	*******************************     1000
30 	                                    0
40 	                                    0
50 	                                    0
100 	                                    0
200 	                                    0
500 	                                    0

sample: t450
bins	depth_histogram	cnts
   :	0------------50-------------100%
1 	                                    0
2 	                                    0
3 	                                    0
4 	                                    0
5 	                                    0
6 	                                    0
7 	                                    0
8 	                                    0
9 	                                    0
10 	                                    0
11 	                                    0
12 	                                    0
13 	                                    0
14 	                                    0
15 	                                    0
16 	                                    0
17 	                                    0
18 	                                    0
19 	                                    0
20 	*******************************     1000
30 	                                    0
40 	                                    0
50 	                                    0
100 	                                    0
200 	                                    0
500 	                                    0

sample: t460
bins	depth_histogram	cnts
   :	0------------50-------------100%
1 	                                    0
2 	                                    0
3 	                                    0
4 	                                    0
5 	                                    0
6 	                                    0
7 	                                    0
8 	                                    0
9 	                                    0
10 	                                    0
11 	                                    0
12 	                                    0
13 	                                    0
14 	                                    0
15 	                                    0
16 	                                    0
17 	                                    0
18 	                                    0
19 	                                    0
20 	*******************************     1000
30 	                                    0
40 	                                    0
50 	                                    0
100 	                                    0
200 	                                    0
500 	                                    0

sample: t470
bins	depth_histogram	cnts
   :	0------------50-------------100%
1 	                                    0
2 	                                    0
3 	                                    0
4 	                                    0
5 	                                    0
6 	                                    0
7 	                                    0
8 	                                    0
9 	                                    0
10 	                                    0
11 	                                    0
12 	                                    0
13 	                                    0
14 	                                    0
15 	                                    0
16 	                                    0
17 	                                    0
18 	                                    0
19 	                                    0
20 	*******************************     1000
30 	                                    0
40 	                                    0
50 	                                    0
100 	                                    0
200 	                                    0
500 	                                    0

sample: t480
bins	depth_histogram	cnts
   :	0------------50-------------100%
1 	                                    0
2 	                                    0
3 	                                    0
4 	                                    0
5 	                                    0
6 	                                    0
7 	                                    0
8 	                                    0
9 	                                    0
10 	                                    0
11 	                                    0
12 	                                    0
13 	                                    0
14 	                                    0
15 	                                    0
16 	                                    0
17 	                                    0
18 	                                    0
19 	                                    0
20 	*******************************     1000
30 	                                    0
40 	                                    0
50 	                                    0
100 	                                    0
200 	                                    0
500 	                                    0

sample: t490
bins	depth_histogram	cnts
   :	0------------50-------------100%
1 	                                    0
2 	                                    0
3 	                                    0
4 	                                    0
5 	                                    0
6 	                                    0
7 	                                    0
8 	                                    0
9 	                                    0
10 	                                    0
11 	                                    0
12 	                                    0
13 	                                    0
14 	                                    0
15 	                                    0
16 	                                    0
17 	                                    0
18 	                                    0
19 	                                    0
20 	*******************************     1000
30 	                                    0
40 	                                    0
50 	                                    0
100 	                                    0
200 	                                    0
500 	                                    0

sample: t50
bins	depth_histogram	cnts
   :	0------------50-------------100%
1 	                                    0
2 	                                    0
3 	                                    0
4 	                                    0
5 	                                    0
6 	                                    0
7 	                                    0
8 	                                    0
9 	                                    0
10 	                                    0
11 	                                    0
12 	                                    0
13 	                                    0
14 	                                    0
15 	                                    0
16 	                                    0
17 	                                    0
18 	                                    0
19 	                                    0
20 	*******************************     1000
30 	                                    0
40 	                                    0
50 	                                    0
100 	                                    0
200 	                                    0
500 	                                    0

sample: t500
bins	depth_histogram	cnts
   :	0------------50-------------100%
1 	                                    0
2 	                                    0
3 	                                    0
4 	                                    0
5 	                                    0
6 	                                    0
7 	                                    0
8 	                                    0
9 	                                    0
10 	                                    0
11 	                                    0
12 	                                    0
13 	                                    0
14 	                                    0
15 	                                    0
16 	                                    0
17 	                                    0
18 	                                    0
19 	                                    0
20 	*******************************     1000
30 	                                    0
40 	                                    0
50 	                                    0
100 	                                    0
200 	                                    0
500 	                                    0

sample: t510
bins	depth_histogram	cnts
   :	0------------50-------------100%
1 	                                    0
2 	                                    0
3 	                                    0
4 	                                    0
5 	                                    0
6 	                                    0
7 	                                    0
8 	                                    0
9 	                                    0
10 	                                    0
11 	                                    0
12 	                                    0
13 	                                    0
14 	                                    0
15 	                                    0
16 	                                    0
17 	                                    0
18 	                                    0
19 	                                    0
20 	*******************************     1000
30 	                                    0
40 	                                    0
50 	                                    0
100 	                                    0
200 	                                    0
500 	                                    0

sample: t520
bins	depth_histogram	cnts
   :	0------------50-------------100%
1 	                                    0
2 	                                    0
3 	                                    0
4 	                                    0
5 	                                    0
6 	                                    0
7 	                                    0
8 	                                    0
9 	                                    0
10 	                                    0
11 	                                    0
12 	                                    0
13 	                                    0
14 	                                    0
15 	                                    0
16 	                                    0
17 	                                    0
18 	                                    0
19 	                                    0
20 	*******************************     1000
30 	                                    0
40 	                                    0
50 	                                    0
100 	                                    0
200 	                                    0
500 	                                    0

sample: t530
bins	depth_histogram	cnts
   :	0------------50-------------100%
1 	                                    0
2 	                                    0
3 	                                    0
4 	                                    0
5 	                                    0
6 	                                    0
7 	                                    0
8 	                                    0
9 	                                    0
10 	                                    0
11 	                                    0
12 	                                    0
13 	                                    0
14 	                                    0
15 	                                    0
16 	                                    0
17 	                                    0
18 	                                    0
19 	                                    0
20 	*******************************     1000
30 	                                    0
40 	                                    0
50 	                                    0
100 	                                    0
200 	                                    0
500 	                                    0

sample: t540
bins	depth_histogram	cnts
   :	0------------50-------------100%
1 	                                    0
2 	                                    0
3 	                                    0
4 	                                    0
5 	                                    0
6 	                                    0
7 	                                    0
8 	                                    0
9 	                                    0
10 	                                    0
11 	                                    0
12 	                                    0
13 	                                    0
14 	                                    0
15 	                                    0
16 	                                    0
17 	                                    0
18 	                                    0
19 	                                    0
20 	*******************************     1000
30 	                                    0
40 	                                    0
50 	                                    0
100 	                                    0
200 	                                    0
500 	                                    0

sample: t550
bins	depth_histogram	cnts
   :	0------------50-------------100%
1 	                                    0
2 	                                    0
3 	                                    0
4 	                                    0
5 	                                    0
6 	                                    0
7 	                                    0
8 	                                    0
9 	                                    0
10 	                                    0
11 	                                    0
12 	                                    0
13 	                                    0
14 	                                    0
15 	                                    0
16 	                                    0
17 	                                    0
18 	                                    0
19 	                                    0
20 	*******************************     1000
30 	                                    0
40 	                                    0
50 	                                    0
100 	                                    0
200 	                                    0
500 	                                    0

sample: t560
bins	depth_histogram	cnts
   :	0------------50-------------100%
1 	                                    0
2 	                                    0
3 	                                    0
4 	                                    0
5 	                                    0
6 	                                    0
7 	                                    0
8 	                                    0
9 	                                    0
10 	                                    0
11 	                                    0
12 	                                    0
13 	                                    0
14 	                                    0
15 	                                    0
16 	                                    0
17 	                                    0
18 	                                    0
19 	                                    0
20 	*******************************     1000
30 	                                    0
40 	                                    0
50 	                                    0
100 	                                    0
200 	                                    0
500 	                                    0

sample: t570
bins	depth_histogram	cnts
   :	0------------50-------------100%
1 	                                    0
2 	                                    0
3 	                                    0
4 	                                    0
5 	                                    0
6 	                                    0
7 	                                    0
8 	                                    0
9 	                                    0
10 	                                    0
11 	                                    0
12 	                                    0
13 	                                    0
14 	                                    0
15 	                                    0
16 	                                    0
17 	                                    0
18 	                                    0
19 	                                    0
20 	*******************************     1000
30 	                                    0
40 	                                    0
50 	                                    0
100 	                                    0
200 	                                    0
500 	                                    0

sample: t580
bins	depth_histogram	cnts
   :	0------------50-------------100%
1 	                                    0
2 	                                    0
3 	                                    0
4 	                                    0
5 	                                    0
6 	                                    0
7 	                                    0
8 	                                    0
9 	                                    0
10 	                                    0
11 	                                    0
12 	                                    0
13 	                                    0
14 	                                    0
15 	                                    0
16 	                                    0
17 	                                    0
18 	                                    0
19 	                                    0
20 	*******************************     1000
30 	                                    0
40 	                                    0
50 	                                    0
100 	                                    0
200 	                                    0
500 	                                    0

sample: t590
bins	depth_histogram	cnts
   :	0------------50-------------100%
1 	                                    0
2 	                                    0
3 	                                    0
4 	                                    0
5 	                                    0
6 	                                    0
7 	                                    0
8 	                                    0
9 	                                    0
10 	                                    0
11 	                                    0
12 	                                    0
13 	                                    0
14 	                                    0
15 	                                    0
16 	                                    0
17 	                                    0
18 	                                    0
19 	                                    0
20 	*******************************     1000
30 	                                    0
40 	                                    0
50 	                                    0
100 	                                    0
200 	                                    0
500 	                                    0

sample: t60
bins	depth_histogram	cnts
   :	0------------50-------------100%
1 	                                    0
2 	                                    0
3 	                                    0
4 	                                    0
5 	                                    0
6 	                                    0
7 	                                    0
8 	                                    0
9 	                                    0
10 	                                    0
11 	                                    0
12 	                                    0
13 	                                    0
14 	                                    0
15 	                                    0
16 	                                    0
17 	                                    0
18 	                                    0
19 	                                    0
20 	*******************************     1000
30 	                                    0
40 	                                    0
50 	                                    0
100 	                                    0
200 	                                    0
500 	                                    0

sample: t600
bins	depth_histogram	cnts
   :	0------------50-------------100%
1 	                                    0
2 	                                    0
3 	                                    0
4 	                                    0
5 	                                    0
6 	                                    0
7 	                                    0
8 	                                    0
9 	                                    0
10 	                                    0
11 	                                    0
12 	                                    0
13 	                                    0
14 	                                    0
15 	                                    0
16 	                                    0
17 	                                    0
18 	                                    0
19 	                                    0
20 	*******************************     1000
30 	                                    0
40 	                                    0
50 	                                    0
100 	                                    0
200 	                                    0
500 	                                    0

sample: t610
bins	depth_histogram	cnts
   :	0------------50-------------100%
1 	                                    0
2 	                                    0
3 	                                    0
4 	                                    0
5 	                                    0
6 	                                    0
7 	                                    0
8 	                                    0
9 	                                    0
10 	                                    0
11 	                                    0
12 	                                    0
13 	                                    0
14 	                                    0
15 	                                    0
16 	                                    0
17 	                                    0
18 	                                    0
19 	                                    0
20 	*******************************     1000
30 	                                    0
40 	                                    0
50 	                                    0
100 	                                    0
200 	                                    0
500 	                                    0

sample: t620
bins	depth_histogram	cnts
   :	0------------50-------------100%
1 	                                    0
2 	                                    0
3 	                                    0
4 	                                    0
5 	                                    0
6 	                                    0
7 	                                    0
8 	                                    0
9 	                                    0
10 	                                    0
11 	                                    0
12 	                                    0
13 	                                    0
14 	                                    0
15 	                                    0
16 	                                    0
17 	                                    0
18 	                                    0
19 	                                    0
20 	*******************************     1000
30 	                                    0
40 	                                    0
50 	                                    0
100 	                                    0
200 	                                    0
500 	                                    0

sample: t630
bins	depth_histogram	cnts
   :	0------------50-------------100%
1 	                                    0
2 	                                    0
3 	                                    0
4 	                                    0
5 	                                    0
6 	                                    0
7 	                                    0
8 	                                    0
9 	                                    0
10 	                                    0
11 	                                    0
12 	                                    0
13 	                                    0
14 	                                    0
15 	                                    0
16 	                                    0
17 	                                    0
18 	                                    0
19 	                                    0
20 	*******************************     1000
30 	                                    0
40 	                                    0
50 	                                    0
100 	                                    0
200 	                                    0
500 	                                    0

sample: t70
bins	depth_histogram	cnts
   :	0------------50-------------100%
1 	                                    0
2 	                                    0
3 	                                    0
4 	                                    0
5 	                                    0
6 	                                    0
7 	                                    0
8 	                                    0
9 	                                    0
10 	                                    0
11 	                                    0
12 	                                    0
13 	                                    0
14 	                                    0
15 	                                    0
16 	                                    0
17 	                                    0
18 	                                    0
19 	                                    0
20 	*******************************     1000
30 	                                    0
40 	                                    0
50 	                                    0
100 	                                    0
200 	                                    0
500 	                                    0

sample: t80
bins	depth_histogram	cnts
   :	0------------50-------------100%
1 	                                    0
2 	                                    0
3 	                                    0
4 	                                    0
5 	                                    0
6 	                                    0
7 	                                    0
8 	                                    0
9 	                                    0
10 	                                    0
11 	                                    0
12 	                                    0
13 	                                    0
14 	                                    0
15 	                                    0
16 	                                    0
17 	                                    0
18 	                                    0
19 	                                    0
20 	*******************************     1000
30 	                                    0
40 	                                    0
50 	                                    0
100 	                                    0
200 	                                    0
500 	                                    0

sample: t90
bins	depth_histogram	cnts
   :	0------------50-------------100%
1 	                                    0
2 	                                    0
3 	                                    0
4 	                                    0
5 	                                    0
6 	                                    0
7 	                                    0
8 	                                    0
9 	                                    0
10 	                                    0
11 	                                    0
12 	                                    0
13 	                                    0
14 	                                    0
15 	                                    0
16 	                                    0
17 	                                    0
18 	                                    0
19 	                                    0
20 	*******************************     1000
30 	                                    0
40 	                                    0
50 	                                    0
100 	                                    0
200 	                                    0
500 	                                    0

